00000000  55 43 00 01 06 00 4b 41  68 00 65 00               UC....KA h.e.
0000000C  55 43 00 01 0e 00 46 52  68 00 65 00 3d af 46 74   UC....FR h.e.=.Ft
0000001C  62 72 00 00                                        br..
    00000000  55 43 00 01 14 00 46 44  65 00 68 00 3d af 00 00   UC....FD e.h.=...
    00000010  00 00 00 00 00 00 02 00  00 00                     ........ ..
00000020  55 43 00 01 06 00 4b 41  68 00 65 00               UC....KA h.e.
    0000001A  55 43 00 01 24 00 50 56  65 00 68 00 70 65 72 6d   UC..$.PV e.h.perm
    0000002A  69 73 73 69 6f 6e 73 2f  64 65 76 69 63 65 5f 6c   issions/ device_l
    0000003A  69 73 74 00 00 00 00 00  00 00 55 43 00 01 28 00   ist..... ..UC..(.
    0000004A  50 56 65 00 68 00 70 65  72 6d 69 73 73 69 6f 6e   PVe.h.pe rmission
    0000005A  73 2f 6d 69 78 5f 70 65  72 6d 69 73 73 69 6f 6e   s/mix_pe rmission
    0000006A  73 00 00 00 39 8e 63 3d  55 43 00 01 1f 00 50 56   s...9.c= UC....PV
    0000007A  65 00 68 00 70 65 72 6d  69 73 73 69 6f 6e 73 2f   e.h.perm issions/
    0000008A  72 65 6e 61 6d 65 00 00  00 00 00 80 3f 55 43 00   rename.. ....?UC.
    0000009A  01 27 00 50 56 65 00 68  00 70 65 72 6d 69 73 73   .'.PVe.h .permiss
    000000AA  69 6f 6e 73 2f 63 68 61  6e 6e 65 6c 5f 73 6f 75   ions/cha nnel_sou
    000000BA  72 63 65 00 00 00 00 00  80 3f 55 43 00 01 20 00   rce..... .?UC.. .
    000000CA  50 56 65 00 68 00 70 65  72 6d 69 73 73 69 6f 6e   PVe.h.pe rmission
    000000DA  73 2f 70 72 65 61 6d 70  73 00 00 00 00 00 80 3f   s/preamp s......?
    000000EA  55 43 00 01 20 00 50 56  65 00 68 00 70 65 72 6d   UC.. .PV e.h.perm
    000000FA  69 73 73 69 6f 6e 73 2f  61 73 73 69 67 6e 73 00   issions/ assigns.
    0000010A  00 00 00 00 80 3f 55 43  00 01 1f 00 50 56 65 00   .....?UC ....PVe.
    0000011A  68 00 70 65 72 6d 69 73  73 69 6f 6e 73 2f 73 63   h.permis sions/sc
    0000012A  65 6e 65 73 00 00 00 00  00 80 3f 55 43 00 01 24   enes.... ..?UC..$
    0000013A  00 50 56 65 00 68 00 70  65 72 6d 69 73 73 69 6f   .PVe.h.p ermissio
    0000014A  6e 73 2f 6d 75 74 65 5f  67 72 6f 75 70 73 00 00   ns/mute_ groups..
    0000015A  00 00 00 80 3f 55 43 00  01 25 00 50 56 65 00 68   ....?UC. .%.PVe.h
    0000016A  00 70 65 72 6d 69 73 73  69 6f 6e 73 2f 63 68 61   .permiss ions/cha
    0000017A  6e 6e 65 6c 5f 74 79 70  65 00 00 00 00 00 80 3f   nnel_typ e......?
    0000018A  55 43 00 01 1f 00 50 56  65 00 68 00 70 65 72 6d   UC....PV e.h.perm
    0000019A  69 73 73 69 6f 6e 73 2f  65 71 5f 64 79 6e 00 00   issions/ eq_dyn..
    000001AA  00 00 00 80 3f 55 43 00  01 1c 00 50 56 65 00 68   ....?UC. ...PVe.h
    000001BA  00 70 65 72 6d 69 73 73  69 6f 6e 73 2f 67 65 71   .permiss ions/geq
    000001CA  00 00 00 00 00 80 3f 55  43 00 01 1b 00 50 56 65   ......?U C....PVe
    000001DA  00 68 00 70 65 72 6d 69  73 73 69 6f 6e 73 2f 66   .h.permi ssions/f
    000001EA  78 00 00 00 00 00 80 3f  55 43 00 01 1f 00 50 56   x......? UC....PV
    000001FA  65 00 68 00 70 65 72 6d  69 73 73 69 6f 6e 73 2f   e.h.perm issions/
    0000020A  67 72 6f 75 70 73 00 00  00 00 00 80 3f 55 43 00   groups.. ....?UC.
    0000021A  01 45 00 50 4c 65 00 68  00 70 65 72 6d 69 73 73   .E.PLe.h .permiss
    0000022A  69 6f 6e 73 2f 64 65 76  69 63 65 5f 6c 69 73 74   ions/dev ice_list
    0000023A  00 00 00 00 00 00 00 55  73 65 72 3a 20 53 74 75   .......U ser: Stu
    0000024A  64 69 6f 4c 69 76 65 20  41 50 49 25 75 63 72 65   dioLive  API%ucre
    0000025A  6d 6f 74 65 61 70 70 00                            moteapp. 
0000002C  55 43 00 01 0e 00 46 52  68 00 65 00 c7 bf 46 74   UC....FR h.e...Ft
0000003C  62 72 00 00                                        br..
    00000262  55 43 00 01 14 00 46 44  65 00 68 00 c7 bf 00 00   UC....FD e.h.....
    00000272  00 00 00 00 00 00 02 00  00 00                     ........ ..
00000040  55 43 00 01 06 00 4b 41  68 00 65 00               UC....KA h.e.
0000004C  55 43 00 01 0e 00 46 52  68 00 65 00 aa 56 46 74   UC....FR h.e..VFt
0000005C  62 72 00 00                                        br..
    0000027C  55 43 00 01 14 00 46 44  65 00 68 00 aa 56 00 00   UC....FD e.h..V..
    0000028C  00 00 00 00 00 00 02 00  00 00                     ........ ..
00000060  55 43 00 01 21 00 50 56  68 00 65 00 66 69 6c 74   UC..!.PV h.e.filt
00000070  65 72 67 72 6f 75 70 2f  63 68 31 2f 6d 75 74 65   ergroup/ ch1/mute
00000080  00 00 00 00 00 80 3f                               ......?
00000087  55 43 00 01 22 00 50 56  00 00 65 00 66 69 6c 74   UC..".PV ..e.filt
00000097  65 72 67 72 6f 75 70 2f  63 68 31 2f 6c 69 6e 65   ergroup/ ch1/line
000000A7  31 00 00 00 00 00 80 3f                            1......? 
000000AF  55 43 00 01 06 00 4b 41  68 00 65 00 55 43 00 01   UC....KA h.e.UC..
000000BF  0e 00 46 52 68 00 65 00  15 c3 46 74 62 72 00 00   ..FRh.e. ..Ftbr..
    00000296  55 43 00 01 14 00 46 44  65 00 68 00 15 c3 00 00   UC....FD e.h.....
    000002A6  00 00 00 00 00 00 02 00  00 00                     ........ ..
000000CF  55 43 00 01 06 00 4b 41  68 00 65 00               UC....KA h.e.
000000DB  55 43 00 01 0e 00 46 52  68 00 65 00 c6 b7 46 74   UC....FR h.e...Ft
000000EB  62 72 00 00                                        br..
    000002B0  55 43 00 01 14 00 46 44  65 00 68 00 c6 b7 00 00   UC....FD e.h.....
    000002C0  00 00 00 00 00 00 02 00  00 00                     ........ ..
